index,sepn,instrument,detect_stack_id,name,ra,dec,obsid,obi,src_rate_aper_m,src_rate_aper_lolim_m,src_rate_aper_hilim_m,src_cnts_aper_u,src_cnts_aper_lolim_u,src_cnts_aper_hilim_u,photflux_aper_s,photflux_aper_lolim_s,photflux_aper_hilim_s,flux_aper_s,flux_aper_lolim_s,flux_aper_hilim_s,streak_src_flag,src_cnts_aper_h,src_cnts_aper_lolim_h,src_cnts_aper_hilim_h,sat_src_flag,src_rate_aper_s,src_rate_aper_lolim_s,src_rate_aper_hilim_s,likelihood_b,likelihood_h,likelihood_m,likelihood_s,likelihood_u,gti_start,gti_stop,gti_elapse,gti_obs,gti_end,gti_mjd_obs,mjd_ref,photflux_aper_b,photflux_aper_lolim_b,photflux_aper_hilim_b,src_rate_aper_b,src_rate_aper_lolim_b,src_rate_aper_hilim_b,theta,phi,region_id,flux_aper_h,flux_aper_lolim_h,flux_aper_hilim_h,src_cnts_aper_m,src_cnts_aper_lolim_m,src_cnts_aper_hilim_m,photflux_aper_u,photflux_aper_lolim_u,photflux_aper_hilim_u,src_cnts_aper_s,src_cnts_aper_lolim_s,src_cnts_aper_hilim_s,src_rate_aper_h,src_rate_aper_lolim_h,src_rate_aper_hilim_h,flux_significance_b,flux_significance_h,flux_significance_m,flux_significance_s,flux_significance_u,src_rate_aper_u,src_rate_aper_lolim_u,src_rate_aper_hilim_u,flux_aper_b,flux_aper_lolim_b,flux_aper_hilim_b,flux_aper_u,flux_aper_lolim_u,flux_aper_hilim_u,flux_aper_m,flux_aper_lolim_m,flux_aper_hilim_m,photflux_aper_h,photflux_aper_lolim_h,photflux_aper_hilim_h,src_cnts_aper_b,src_cnts_aper_lolim_b,src_cnts_aper_hilim_b,photflux_aper_m,photflux_aper_lolim_m,photflux_aper_hilim_m,hard_hm,hard_hm_lolim,hard_hm_hilim,hard_hs,hard_hs_lolim,hard_hs_hilim,hard_ms,hard_ms_lolim,hard_ms_hilim,flux_powlaw,flux_powlaw_lolim,flux_powlaw_hilim,powlaw_gamma,powlaw_gamma_lolim,powlaw_gamma_hilim,powlaw_gamma_rhat,powlaw_nh,powlaw_nh_lolim,powlaw_nh_hilim,powlaw_nh_rhat,powlaw_ampl,powlaw_ampl_lolim,powlaw_ampl_hilim,powlaw_ampl_rhat,powlaw_stat,flux_bb,flux_bb_lolim,flux_bb_hilim,bb_kt,bb_kt_lolim,bb_kt_hilim,bb_kt_rhat,bb_nh,bb_nh_lolim,bb_nh_hilim,bb_nh_rhat,bb_ampl,bb_ampl_lolim,bb_ampl_hilim,bb_ampl_rhat,bb_stat,flux_brems,flux_brems_lolim,flux_brems_hilim,brems_kt,brems_kt_lolim,brems_kt_hilim,brems_kt_rhat,brems_nh,brems_nh_lolim,brems_nh_hilim,brems_nh_rhat,brems_norm,brems_norm_lolim,brems_norm_hilim,brems_norm_rhat,brems_stat,flux_apec,flux_apec_lolim,flux_apec_hilim,apec_kt,apec_kt_lolim,apec_kt_hilim,apec_kt_rhat,apec_abund,apec_abund_lolim,apec_abund_hilim,apec_abund_rhat,apec_z,apec_z_lolim,apec_z_hilim,apec_z_rhat,apec_nh,apec_nh_lolim,apec_nh_hilim,apec_nh_rhat,apec_norm,apec_norm_lolim,apec_norm_hilim,apec_norm_rhat,apec_stat,var_index_b,var_prob_b,ks_prob_b,kp_prob_b,var_sigma_b,var_mean_b,var_min_b,var_max_b,var_index_h,var_prob_h,ks_prob_h,kp_prob_h,var_sigma_h,var_mean_h,var_min_h,var_max_h,var_index_m,var_prob_m,ks_prob_m,kp_prob_m,var_sigma_m,var_mean_m,var_min_m,var_max_m,var_index_s,var_prob_s,ks_prob_s,kp_prob_s,var_sigma_s,var_mean_s,var_min_s,var_max_s,var_index_u,var_prob_u,ks_prob_u,kp_prob_u,var_sigma_u,var_mean_u,var_min_u,var_max_u,livetime,detector,match_type,cnts_aper_b,cnts_aperbkg_b,cnts_aper_h,cnts_aperbkg_h,cnts_aper_m,cnts_aperbkg_m,cnts_aper_s,cnts_aperbkg_s,cnts_aper_u,cnts_aperbkg_u,significance,likelihood,pileup_flag,mstr_sat_src_flag,mstr_streak_src_flag,mstr_flux_aper_b,mstr_flux_aper_lolim_b,mstr_flux_aper_hilim_b,var_inter_index_b,var_inter_prob_b,var_inter_sigma_b,var_inter_index_h,var_inter_prob_h,var_inter_sigma_h,var_inter_index_m,var_inter_prob_m,var_inter_sigma_m,var_inter_index_s,var_inter_prob_s,var_inter_sigma_s,var_inter_index_u,var_inter_prob_u,var_inter_sigma_u,acis_num,acis_hetg_num,acis_letg_num,hrc_num,hrc_hetg_num,hrc_letg_num
14,11.89161,ACIS,acisfJ0042432p411544_001, 2CXO J004259.3+411454,10.7474,41.24852,1581,0,   0.0000,   0.0000,0.00032398,   0.0000,   0.0000,   1.1903,0.000e+00,0.000e+00,1.005e-06,0.000e+00,0.000e+00,1.369e-15,False,   0.0000,   0.0000,   1.2076,False,   0.0000,   0.0000,0.00031484,      NaN,      NaN,      NaN,      NaN,      NaN,93059833.464,93064291.064,4457.6,2000-12-13T01:57:13,2000-12-13T03:11:31,51891.08141,50814.0,0.000e+00,0.000e+00,1.283e-06,   0.0000,   0.0000,0.00034108,2.934,108.21,358,0.000e+00,0.000e+00,6.167e-15,   0.0000,   0.0000,   1.2548,0.000e+00,0.000e+00,1.960e-05,   0.0000,   0.0000,   1.1639,   0.0000,   0.0000,0.00031181,     0.00,     0.00,     0.00,     0.00,     0.00,   0.0000,   0.0000,0.00030910,0.000e+00,0.000e+00,7.793e-15,0.000e+00,0.000e+00,1.055e-14,0.000e+00,0.000e+00,1.646e-15,0.000e+00,0.000e+00,8.554e-07,   0.0000,   0.0000,   1.2231,0.000e+00,0.000e+00,5.649e-07,   0.9994,  -0.1668,   1.0000,  -0.9994,  -1.0000,   0.3004,  -0.9994,  -1.0000,   0.1018,      NaN,      NaN,      NaN,      NaN,      NaN,      NaN,      NaN,      NaN,      NaN,      NaN,      NaN,      NaN,      NaN,      NaN,      NaN,      NaN,      NaN,      NaN,      NaN,      NaN,      NaN,      NaN,      NaN,      NaN,      NaN,      NaN,      NaN,      NaN,      NaN,      NaN,      NaN,      NaN,      NaN,      NaN,      NaN,      NaN,      NaN,      NaN,      NaN,      NaN,      NaN,      NaN,      NaN,      NaN,      NaN,      NaN,      NaN,      NaN,      NaN,      NaN,      NaN,      NaN,      NaN,      NaN,      NaN,      NaN,      NaN,      NaN,      NaN,      NaN,      NaN,      NaN,      NaN,      NaN,      NaN,      NaN,      NaN,      NaN,      NaN,      NaN,      NaN,      NaN,,      NaN,      NaN,      NaN,      NaN,      NaN,      NaN,      NaN,,      NaN,      NaN,      NaN,      NaN,      NaN,      NaN,      NaN,,      NaN,      NaN,      NaN,      NaN,      NaN,      NaN,      NaN,,      NaN,      NaN,      NaN,      NaN,      NaN,      NaN,      NaN,,      NaN,      NaN,      NaN,      NaN,      NaN,      NaN,      NaN,4401.1,         ACIS-2,u          ,          0,         90,          0,         22,          0,         15,          0,         54,          0,          7,1.8,21.75758,False,False,False,1.166e-15,3.023e-16,1.986e-15,,      NaN,      NaN,,      NaN,      NaN,,      NaN,      NaN,,      NaN,      NaN,,      NaN,      NaN,108,0,0,63,0,0
15,11.89161,ACIS,acisfJ0042432p411544_001, 2CXO J004259.3+411454,10.7474,41.24852,4678,1,   0.0000,   0.0000,0.00032220,   0.0000,   0.0000,   1.1903,0.000e+00,0.000e+00,1.374e-06,0.000e+00,0.000e+00,1.871e-15,False,   0.0000,   0.0000,   1.2038,False,   0.0000,   0.0000,0.00035510,      NaN,      NaN,      NaN,      NaN,      NaN,184750729.063,184755596.263,4867.2,2003-11-09T07:38:49,2003-11-09T08:59:56,52952.31862,50814.0,0.000e+00,0.000e+00,1.478e-06,   0.0000,   0.0000,0.00038369,3.355,70.33,358,0.000e+00,0.000e+00,7.296e-15,   0.0000,   0.0000,   1.2537,0.000e+00,0.000e+00,4.389e-05,   0.0000,   0.0000,   1.2159,   0.0000,   0.0000,0.00036561,     0.00,     0.00,     0.00,     0.00,     0.00,   0.0000,   0.0000,0.00030591,0.000e+00,0.000e+00,8.881e-15,0.000e+00,0.000e+00,2.461e-14,0.000e+00,0.000e+00,1.936e-15,0.000e+00,0.000e+00,8.563e-07,   0.0000,   0.0000,   1.2165,0.000e+00,0.000e+00,6.647e-07,   0.9994,  -0.2530,   1.0000,  -0.9994,  -1.0000,   0.1718,  -0.9994,  -1.0000,   0.0306,      NaN,      NaN,      NaN,      NaN,      NaN,      NaN,      NaN,      NaN,      NaN,      NaN,      NaN,      NaN,      NaN,      NaN,      NaN,      NaN,      NaN,      NaN,      NaN,      NaN,      NaN,      NaN,      NaN,      NaN,      NaN,      NaN,      NaN,      NaN,      NaN,      NaN,      NaN,      NaN,      NaN,      NaN,      NaN,      NaN,      NaN,      NaN,      NaN,      NaN,      NaN,      NaN,      NaN,      NaN,      NaN,      NaN,      NaN,      NaN,      NaN,      NaN,      NaN,      NaN,      NaN,      NaN,      NaN,      NaN,      NaN,      NaN,      NaN,      NaN,      NaN,      NaN,      NaN,      NaN,      NaN,      NaN,      NaN,      NaN,      NaN,      NaN,      NaN,      NaN,,      NaN,      NaN,      NaN,      NaN,      NaN,      NaN,      NaN,,      NaN,      NaN,      NaN,      NaN,      NaN,      NaN,      NaN,,      NaN,      NaN,      NaN,      NaN,      NaN,      NaN,      NaN,,      NaN,      NaN,      NaN,      NaN,      NaN,      NaN,      NaN,,      NaN,      NaN,      NaN,      NaN,      NaN,      NaN,      NaN,3891.2,         ACIS-3,u          ,          0,         84,          0,         20,          0,         14,          0,         46,          0,          2,1.8,21.75758,False,False,False,1.166e-15,3.023e-16,1.986e-15,,      NaN,      NaN,,      NaN,      NaN,,      NaN,      NaN,,      NaN,      NaN,,      NaN,      NaN,108,0,0,63,0,0
16,11.89161,ACIS,acisfJ0042432p411544_001, 2CXO J004259.3+411454,10.7474,41.24852,4679,1,   0.0000,   0.0000,0.00037375,   0.0000,   0.0000,   1.2440,0.000e+00,0.000e+00,1.945e-06,0.000e+00,0.000e+00,2.649e-15,False,   0.0000,   0.0000,   1.2568,False,   0.0000,   0.0000,0.00037640,      NaN,      NaN,      NaN,      NaN,      NaN,186273641.791,186278419.591,4777.8,2003-11-26T22:40:42,2003-11-27T00:00:20,52969.94493,50814.0,0.000e+00,0.000e+00,2.083e-06,   0.0000,   0.0000,0.00038886,3.073,90.67,358,0.000e+00,0.000e+00,1.035e-14,   0.0000,   0.0000,   1.2557,0.000e+00,0.000e+00,6.841e-05,   0.0000,   0.0000,   1.2160,   0.0000,   0.0000,0.00037212,     0.00,     0.00,     0.00,     0.00,     0.00,   0.0000,   0.0000,0.00032584,0.000e+00,0.000e+00,1.251e-14,0.000e+00,0.000e+00,3.836e-14,0.000e+00,0.000e+00,2.750e-15,0.000e+00,0.000e+00,1.435e-06,   0.0000,   0.0000,   1.2097,0.000e+00,0.000e+00,1.073e-06,   0.9994,  -0.2317,   1.0000,  -0.9994,  -1.0000,   0.2267,  -0.9994,  -1.0000,   0.0906,      NaN,      NaN,      NaN,      NaN,      NaN,      NaN,      NaN,      NaN,      NaN,      NaN,      NaN,      NaN,      NaN,      NaN,      NaN,      NaN,      NaN,      NaN,      NaN,      NaN,      NaN,      NaN,      NaN,      NaN,      NaN,      NaN,      NaN,      NaN,      NaN,      NaN,      NaN,      NaN,      NaN,      NaN,      NaN,      NaN,      NaN,      NaN,      NaN,      NaN,      NaN,      NaN,      NaN,      NaN,      NaN,      NaN,      NaN,      NaN,      NaN,      NaN,      NaN,      NaN,      NaN,      NaN,      NaN,      NaN,      NaN,      NaN,      NaN,      NaN,      NaN,      NaN,      NaN,      NaN,      NaN,      NaN,      NaN,      NaN,      NaN,      NaN,      NaN,      NaN,,      NaN,      NaN,      NaN,      NaN,      NaN,      NaN,      NaN,,      NaN,      NaN,      NaN,      NaN,      NaN,      NaN,      NaN,,      NaN,      NaN,      NaN,      NaN,      NaN,      NaN,      NaN,,      NaN,      NaN,      NaN,      NaN,      NaN,      NaN,      NaN,,      NaN,      NaN,      NaN,      NaN,      NaN,      NaN,      NaN,3817.9,         ACIS-3,u          ,          0,         69,          0,         20,          0,         13,          0,         46,          0,          2,1.8,21.75758,False,False,False,1.166e-15,3.023e-16,1.986e-15,,      NaN,      NaN,,      NaN,      NaN,,      NaN,      NaN,,      NaN,      NaN,,      NaN,      NaN,108,0,0,63,0,0
17,11.89161,ACIS,acisfJ0042432p411544_001, 2CXO J004259.3+411454,10.7474,41.24852,4722,0,   0.0000,   0.0000,0.00036480,   0.0000,   0.0000,   1.1710,0.000e+00,0.000e+00,1.469e-06,0.000e+00,0.000e+00,2.000e-15,False,   0.0000,   0.0000,   1.2633,False,   0.0000,   0.0000,0.00038422,      NaN,      NaN,      NaN,      NaN,      NaN,215575153.547,215580024.346,4870.8,2004-10-31T01:59:14,2004-10-31T03:20:24,53309.0828,50814.0,0.000e+00,0.000e+00,1.503e-06,   0.0000,   0.0000,0.00030501,3.52,58.53,358,0.000e+00,0.000e+00,7.859e-15,   0.0000,   0.0000,   1.2022,0.000e+00,0.000e+00,5.618e-05,   0.0000,   0.0000,   1.2193,   0.0000,   0.0000,0.00039488,     0.00,     0.00,     0.00,     0.00,     0.00,   0.0000,   0.0000,0.00030068,0.000e+00,0.000e+00,9.029e-15,0.000e+00,0.000e+00,3.150e-14,0.000e+00,0.000e+00,1.938e-15,0.000e+00,0.000e+00,8.954e-07,   0.0000,   0.0000,   1.1879,0.000e+00,0.000e+00,6.398e-07,   0.9994,  -0.2355,   1.0000,  -0.9994,  -1.0000,   0.1355,  -0.9994,  -1.0000,  -0.0069,      NaN,      NaN,      NaN,      NaN,      NaN,      NaN,      NaN,      NaN,      NaN,      NaN,      NaN,      NaN,      NaN,      NaN,      NaN,      NaN,      NaN,      NaN,      NaN,      NaN,      NaN,      NaN,      NaN,      NaN,      NaN,      NaN,      NaN,      NaN,      NaN,      NaN,      NaN,      NaN,      NaN,      NaN,      NaN,      NaN,      NaN,      NaN,      NaN,      NaN,      NaN,      NaN,      NaN,      NaN,      NaN,      NaN,      NaN,      NaN,      NaN,      NaN,      NaN,      NaN,      NaN,      NaN,      NaN,      NaN,      NaN,      NaN,      NaN,      NaN,      NaN,      NaN,      NaN,      NaN,      NaN,      NaN,      NaN,      NaN,      NaN,      NaN,      NaN,      NaN,,      NaN,      NaN,      NaN,      NaN,      NaN,      NaN,      NaN,,      NaN,      NaN,      NaN,      NaN,      NaN,      NaN,      NaN,,      NaN,      NaN,      NaN,      NaN,      NaN,      NaN,      NaN,,      NaN,      NaN,      NaN,      NaN,      NaN,      NaN,      NaN,,      NaN,      NaN,      NaN,      NaN,      NaN,      NaN,      NaN,3894.7,         ACIS-3,u          ,          0,        122,          0,         35,          0,         20,          0,         61,          0,          3,1.8,21.75758,False,False,False,1.166e-15,3.023e-16,1.986e-15,,      NaN,      NaN,,      NaN,      NaN,,      NaN,      NaN,,      NaN,      NaN,,      NaN,      NaN,108,0,0,63,0,0
18,11.89161,ACIS,acisfJ0042432p411544_001, 2CXO J004259.3+411454,10.7474,41.24852,7064,0,      NaN,      NaN,      NaN,   0.0000,   0.0000,   1.2445,0.000e+00,0.000e+00,4.275e-07,0.000e+00,0.000e+00,3.677e-16,False,   2.2406,  0.38967,   4.0916,False,   0.0000,   0.0000,8.9376e-05,      NaN,      NaN,      NaN,      NaN,      NaN,281655339.894,281684413.495,29073.601,2006-12-04T21:35:40,2006-12-05T05:40:13,54073.89977,50814.0,4.629e-07,8.416e-08,8.416e-07,0.00011006,2.0012e-05,0.00020012,3.003,101.33,358,1.562e-15,1.420e-16,2.912e-15,   0.0000,   0.0000,   1.2444,0.000e+00,0.000e+00,1.291e-05,   0.0000,   0.0000,   2.4478,9.6419e-05,1.6769e-05,0.00017607,     1.22,     1.21,      NaN,     0.00,     0.00,   0.0000,   0.0000,5.3552e-05,1.488e-15,2.705e-16,2.705e-15,0.000e+00,0.000e+00,7.239e-15,      NaN,      NaN,      NaN,2.947e-07,5.124e-08,5.381e-07,   2.5577,  0.46503,   4.6503,      NaN,      NaN,      NaN,      NaN,      NaN,      NaN,   0.0562,  -0.3367,   0.7601,      NaN,      NaN,      NaN,      NaN,      NaN,      NaN,      NaN,      NaN,      NaN,      NaN,      NaN,      NaN,      NaN,      NaN,      NaN,      NaN,      NaN,      NaN,      NaN,      NaN,      NaN,      NaN,      NaN,      NaN,      NaN,      NaN,      NaN,      NaN,      NaN,      NaN,      NaN,      NaN,      NaN,      NaN,      NaN,      NaN,      NaN,      NaN,      NaN,      NaN,      NaN,      NaN,      NaN,      NaN,      NaN,      NaN,      NaN,      NaN,      NaN,      NaN,      NaN,      NaN,      NaN,      NaN,      NaN,      NaN,      NaN,      NaN,      NaN,      NaN,      NaN,      NaN,      NaN,      NaN,      NaN,      NaN,      NaN,      NaN,      NaN,      NaN,      NaN,      NaN,      NaN,      NaN,      NaN,,      NaN,      NaN,      NaN,      NaN,      NaN,      NaN,      NaN,,      NaN,      NaN,      NaN,      NaN,      NaN,      NaN,      NaN,,      NaN,      NaN,      NaN,      NaN,      NaN,      NaN,      NaN,,      NaN,      NaN,      NaN,      NaN,      NaN,      NaN,      NaN,,      NaN,      NaN,      NaN,      NaN,      NaN,      NaN,      NaN,23238.3,         ACIS-2,u          ,          3,        546,          2,        173,          0,        100,          1,        271,          0,         18,1.8,21.75758,False,False,False,1.166e-15,3.023e-16,1.986e-15,,      NaN,      NaN,,      NaN,      NaN,,      NaN,      NaN,,      NaN,      NaN,,      NaN,      NaN,108,0,0,63,0,0
19,11.89161,ACIS,acisfJ0042432p411544_001, 2CXO J004259.3+411454,10.7474,41.24852,8186,1,   0.0000,   0.0000,0.00034515,   0.0000,   0.0000,   1.1820,0.000e+00,0.000e+00,1.313e-06,0.000e+00,0.000e+00,1.860e-15,False,   0.0000,   0.0000,   1.1768,False,   0.0000,   0.0000,0.00032562,      NaN,      NaN,      NaN,      NaN,      NaN,310452502.407,310457676.808,5174.4,2007-11-03T04:48:22,2007-11-03T06:14:37,54407.20026,50814.0,0.000e+00,0.000e+00,1.416e-06,   0.0000,   0.0000,0.00028673,3.106,64.36,358,0.000e+00,0.000e+00,7.249e-15,   0.0000,   0.0000,   1.2623,0.000e+00,0.000e+00,6.927e-05,   0.0000,   0.0000,   1.1847,   0.0000,   0.0000,0.00036371,     0.00,     0.00,     0.00,     0.00,     0.00,   0.0000,   0.0000,0.00032674,0.000e+00,0.000e+00,8.510e-15,0.000e+00,0.000e+00,3.884e-14,0.000e+00,0.000e+00,1.859e-15,0.000e+00,0.000e+00,7.869e-07,   0.0000,   0.0000,   1.1854,0.000e+00,0.000e+00,7.251e-07,   0.9994,  -0.3292,   1.0000,  -0.9994,  -1.0000,   0.1255,  -0.9994,  -1.0000,   0.0693,      NaN,      NaN,      NaN,      NaN,      NaN,      NaN,      NaN,      NaN,      NaN,      NaN,      NaN,      NaN,      NaN,      NaN,      NaN,      NaN,      NaN,      NaN,      NaN,      NaN,      NaN,      NaN,      NaN,      NaN,      NaN,      NaN,      NaN,      NaN,      NaN,      NaN,      NaN,      NaN,      NaN,      NaN,      NaN,      NaN,      NaN,      NaN,      NaN,      NaN,      NaN,      NaN,      NaN,      NaN,      NaN,      NaN,      NaN,      NaN,      NaN,      NaN,      NaN,      NaN,      NaN,      NaN,      NaN,      NaN,      NaN,      NaN,      NaN,      NaN,      NaN,      NaN,      NaN,      NaN,      NaN,      NaN,      NaN,      NaN,      NaN,      NaN,      NaN,      NaN,,      NaN,      NaN,      NaN,      NaN,      NaN,      NaN,      NaN,,      NaN,      NaN,      NaN,      NaN,      NaN,      NaN,      NaN,,      NaN,      NaN,      NaN,      NaN,      NaN,      NaN,      NaN,,      NaN,      NaN,      NaN,      NaN,      NaN,      NaN,      NaN,,      NaN,      NaN,      NaN,      NaN,      NaN,      NaN,      NaN,4134.2,         ACIS-3,u          ,          0,        106,          0,         49,          0,         18,          0,         51,          0,          4,1.8,21.75758,False,False,False,1.166e-15,3.023e-16,1.986e-15,,      NaN,      NaN,,      NaN,      NaN,,      NaN,      NaN,,      NaN,      NaN,,      NaN,      NaN,108,0,0,63,0,0
20,11.89161,ACIS,acisfJ0042432p411544_001, 2CXO J004259.3+411454,10.7474,41.24852,8187,0,   0.0000,   0.0000,0.00036982,   0.0000,   0.0000,   1.1296,0.000e+00,0.000e+00,1.627e-06,0.000e+00,0.000e+00,2.215e-15,False,   0.0000,   0.0000,   1.2012,False,   0.0000,   0.0000,0.00036131,      NaN,      NaN,      NaN,      NaN,      NaN,312523568.157,312528368.758,4800.6,2007-11-27T04:06:08,2007-11-27T05:26:09,54431.17093,50814.0,0.000e+00,0.000e+00,1.711e-06,   0.0000,   0.0000,0.00039155,2.837,96.8,358,0.000e+00,0.000e+00,8.756e-15,   0.0000,   0.0000,   1.2552,0.000e+00,0.000e+00,8.171e-05,   0.0000,   0.0000,   1.2199,   0.0000,   0.0000,0.00038422,     0.00,     0.00,     0.00,     0.00,     0.00,   0.0000,   0.0000,0.00029443,0.000e+00,0.000e+00,1.028e-14,0.000e+00,0.000e+00,4.582e-14,0.000e+00,0.000e+00,2.266e-15,0.000e+00,0.000e+00,1.214e-06,   0.0000,   0.0000,   1.2241,0.000e+00,0.000e+00,7.821e-07,   0.9994,  -0.1605,   1.0000,  -0.9994,  -1.0000,   0.2205,  -0.9994,  -1.0000,   0.0106,      NaN,      NaN,      NaN,      NaN,      NaN,      NaN,      NaN,      NaN,      NaN,      NaN,      NaN,      NaN,      NaN,      NaN,      NaN,      NaN,      NaN,      NaN,      NaN,      NaN,      NaN,      NaN,      NaN,      NaN,      NaN,      NaN,      NaN,      NaN,      NaN,      NaN,      NaN,      NaN,      NaN,      NaN,      NaN,      NaN,      NaN,      NaN,      NaN,      NaN,      NaN,      NaN,      NaN,      NaN,      NaN,      NaN,      NaN,      NaN,      NaN,      NaN,      NaN,      NaN,      NaN,      NaN,      NaN,      NaN,      NaN,      NaN,      NaN,      NaN,      NaN,      NaN,      NaN,      NaN,      NaN,      NaN,      NaN,      NaN,      NaN,      NaN,      NaN,      NaN,,      NaN,      NaN,      NaN,      NaN,      NaN,      NaN,      NaN,,      NaN,      NaN,      NaN,      NaN,      NaN,      NaN,      NaN,,      NaN,      NaN,      NaN,      NaN,      NaN,      NaN,      NaN,,      NaN,      NaN,      NaN,      NaN,      NaN,      NaN,      NaN,,      NaN,      NaN,      NaN,      NaN,      NaN,      NaN,      NaN,3836.7,         ACIS-2,u          ,          0,         82,          0,         26,          0,         19,          0,         47,          0,          2,1.8,21.75758,False,False,False,1.166e-15,3.023e-16,1.986e-15,,      NaN,      NaN,,      NaN,      NaN,,      NaN,      NaN,,      NaN,      NaN,,      NaN,      NaN,108,0,0,63,0,0
21,11.89161,ACIS,acisfJ0042432p411544_001, 2CXO J004259.3+411454,10.7474,41.24852,9521,0,   0.0000,   0.0000,0.00035897,   0.0000,   0.0000,   1.1200,0.000e+00,0.000e+00,1.405e-06,0.000e+00,0.000e+00,1.914e-15,False,   0.0000,   0.0000,   1.2087,False,   0.0000,   0.0000,0.00034940,      NaN,      NaN,      NaN,      NaN,      NaN,344194766.551,344199727.952,4961.4,2008-11-27T17:39:27,2008-11-27T19:02:08,54797.73572,50814.0,0.000e+00,0.000e+00,1.460e-06,   0.0000,   0.0000,0.00037858,2.83,98.17,358,0.000e+00,0.000e+00,7.520e-15,   0.0000,   0.0000,   1.2592,0.000e+00,0.000e+00,6.409e-05,   0.0000,   0.0000,   1.2746,   0.0000,   0.0000,0.00037410,     0.00,     0.00,     0.00,     0.00,     0.00,   0.0000,   0.0000,0.00032704,0.000e+00,0.000e+00,8.775e-15,0.000e+00,0.000e+00,4.162e-14,0.000e+00,0.000e+00,1.946e-15,0.000e+00,0.000e+00,1.043e-06,   0.0000,   0.0000,   1.2232,0.000e+00,0.000e+00,6.716e-07,   0.9994,  -0.1568,   1.0000,  -0.9994,  -1.0000,   0.2217,  -0.9994,  -1.0000,   0.0069,      NaN,      NaN,      NaN,      NaN,      NaN,      NaN,      NaN,      NaN,      NaN,      NaN,      NaN,      NaN,      NaN,      NaN,      NaN,      NaN,      NaN,      NaN,      NaN,      NaN,      NaN,      NaN,      NaN,      NaN,      NaN,      NaN,      NaN,      NaN,      NaN,      NaN,      NaN,      NaN,      NaN,      NaN,      NaN,      NaN,      NaN,      NaN,      NaN,      NaN,      NaN,      NaN,      NaN,      NaN,      NaN,      NaN,      NaN,      NaN,      NaN,      NaN,      NaN,      NaN,      NaN,      NaN,      NaN,      NaN,      NaN,      NaN,      NaN,      NaN,      NaN,      NaN,      NaN,      NaN,      NaN,      NaN,      NaN,      NaN,      NaN,      NaN,      NaN,      NaN,,      NaN,      NaN,      NaN,      NaN,      NaN,      NaN,      NaN,,      NaN,      NaN,      NaN,      NaN,      NaN,      NaN,      NaN,,      NaN,      NaN,      NaN,      NaN,      NaN,      NaN,      NaN,,      NaN,      NaN,      NaN,      NaN,      NaN,      NaN,      NaN,,      NaN,      NaN,      NaN,      NaN,      NaN,      NaN,      NaN,3965.3,         ACIS-2,u          ,          0,         79,          0,         28,          0,         17,          0,         41,          0,          1,1.8,21.75758,False,False,False,1.166e-15,3.023e-16,1.986e-15,,      NaN,      NaN,,      NaN,      NaN,,      NaN,      NaN,,      NaN,      NaN,,      NaN,      NaN,108,0,0,63,0,0
22,11.89161,ACIS,acisfJ0042432p411544_001, 2CXO J004259.3+411454,10.7474,41.24852,9524,0,   0.0000,   0.0000,0.00034508,   0.0000,   0.0000,   1.1669,0.000e+00,0.000e+00,1.419e-06,0.000e+00,0.000e+00,1.932e-15,False,   1.5090,  0.14372,   2.8743,False,   0.0000,   0.0000,0.00035093,      NaN,      NaN,      NaN,      NaN,      NaN,340257375.617,340262531.395,5155.778,2008-10-13T03:56:16,2008-10-13T05:22:11,54752.16407,50814.0,1.205e-06,7.087e-08,2.339e-06,0.00031566,1.8568e-05,0.00061275,3.374,30.82,358,2.449e-14,2.332e-15,4.664e-14,   0.0000,   0.0000,   1.2040,0.000e+00,0.000e+00,8.527e-05,   0.0000,   0.0000,   1.1687,0.00036597,3.4854e-05,0.00069709,     1.06,     1.11,     0.00,     0.00,     0.00,   0.0000,   0.0000,0.00036162,2.375e-14,2.639e-15,4.354e-14,0.000e+00,0.000e+00,4.782e-14,0.000e+00,0.000e+00,1.837e-15,9.939e-07,9.466e-08,1.893e-06,   1.3016, 0.076562,   2.5266,0.000e+00,0.000e+00,7.166e-07,   0.9994,   0.2330,   1.0000,   0.6921,  -0.1043,   1.0000,  -0.9994,  -1.0000,   0.0344,      NaN,      NaN,      NaN,      NaN,      NaN,      NaN,      NaN,      NaN,      NaN,      NaN,      NaN,      NaN,      NaN,      NaN,      NaN,      NaN,      NaN,      NaN,      NaN,      NaN,      NaN,      NaN,      NaN,      NaN,      NaN,      NaN,      NaN,      NaN,      NaN,      NaN,      NaN,      NaN,      NaN,      NaN,      NaN,      NaN,      NaN,      NaN,      NaN,      NaN,      NaN,      NaN,      NaN,      NaN,      NaN,      NaN,      NaN,      NaN,      NaN,      NaN,      NaN,      NaN,      NaN,      NaN,      NaN,      NaN,      NaN,      NaN,      NaN,      NaN,      NaN,      NaN,      NaN,      NaN,      NaN,      NaN,      NaN,      NaN,      NaN,      NaN,      NaN,      NaN,,      NaN,      NaN,      NaN,      NaN,      NaN,      NaN,      NaN,,      NaN,      NaN,      NaN,      NaN,      NaN,      NaN,      NaN,,      NaN,      NaN,      NaN,      NaN,      NaN,      NaN,      NaN,,      NaN,      NaN,      NaN,      NaN,      NaN,      NaN,      NaN,,      NaN,      NaN,      NaN,      NaN,      NaN,      NaN,      NaN,4123.3,         ACIS-3,u          ,          1,        128,          1,         37,          0,         21,          0,         60,          0,          3,1.8,21.75758,False,False,False,1.166e-15,3.023e-16,1.986e-15,,      NaN,      NaN,,      NaN,      NaN,,      NaN,      NaN,,      NaN,      NaN,,      NaN,      NaN,108,0,0,63,0,0
23,11.89161,ACIS,acisfJ0042432p411544_001, 2CXO J004259.3+411454,10.7474,41.24852,10717,0,   0.0000,   0.0000,0.00034561,   0.0000,   0.0000,   1.2384,1.372e-06,6.858e-08,2.675e-06,1.618e-15,0.000e+00,3.235e-15,False,   1.3621,  0.14338,   2.5808,False,0.00034923,3.3260e-05,0.00064858,      NaN,      NaN,      NaN,      NaN,      NaN,372574760.741,372579945.341,5184.6,2009-10-22T04:59:21,2009-10-22T06:25:45,55126.20788,50814.0,2.150e-06,4.479e-07,3.852e-06,0.00056014,0.00011670,0.0010036,3.297,41.1,358,4.870e-15,2.705e-16,9.469e-15,   0.0000,   0.0000,   1.1569,0.000e+00,0.000e+00,9.218e-05,   1.4473,  0.13784,   2.6879,0.00032867,3.4597e-05,0.00062274,     1.26,     1.12,     0.00,     1.05,     0.00,   0.0000,   0.0000,0.00033958,5.326e-15,7.262e-16,9.925e-15,0.000e+00,0.000e+00,5.169e-14,0.000e+00,0.000e+00,1.855e-15,8.973e-07,9.445e-08,1.700e-06,   2.3214,  0.48362,   4.1592,0.000e+00,0.000e+00,7.237e-07,   0.9994,   0.1568,   1.0000,  -0.3835,  -0.7726,   0.1605,  -0.9994,  -1.0000,  -0.3729,      NaN,      NaN,      NaN,      NaN,      NaN,      NaN,      NaN,      NaN,      NaN,      NaN,      NaN,      NaN,      NaN,      NaN,      NaN,      NaN,      NaN,      NaN,      NaN,      NaN,      NaN,      NaN,      NaN,      NaN,      NaN,      NaN,      NaN,      NaN,      NaN,      NaN,      NaN,      NaN,      NaN,      NaN,      NaN,      NaN,      NaN,      NaN,      NaN,      NaN,      NaN,      NaN,      NaN,      NaN,      NaN,      NaN,      NaN,      NaN,      NaN,      NaN,      NaN,      NaN,      NaN,      NaN,      NaN,      NaN,      NaN,      NaN,      NaN,      NaN,      NaN,      NaN,      NaN,      NaN,      NaN,      NaN,      NaN,      NaN,      NaN,      NaN,      NaN,      NaN,,      NaN,      NaN,      NaN,      NaN,      NaN,      NaN,      NaN,,      NaN,      NaN,      NaN,      NaN,      NaN,      NaN,      NaN,,      NaN,      NaN,      NaN,      NaN,      NaN,      NaN,      NaN,,      NaN,      NaN,      NaN,      NaN,      NaN,      NaN,      NaN,,      NaN,      NaN,      NaN,      NaN,      NaN,      NaN,      NaN,4144.3,         ACIS-3,u          ,          2,        122,          1,         49,          0,         26,          1,         51,          0,          3,1.8,21.75758,False,False,False,1.166e-15,3.023e-16,1.986e-15,,      NaN,      NaN,,      NaN,      NaN,,      NaN,      NaN,,      NaN,      NaN,,      NaN,      NaN,108,0,0,63,0,0
24,11.89161,ACIS,acisfJ0042432p411544_001, 2CXO J004259.3+411454,10.7474,41.24852,11275,0,   0.0000,   0.0000,0.00033069,   0.0000,   0.0000,   1.1757,0.000e+00,0.000e+00,1.395e-06,0.000e+00,0.000e+00,1.900e-15,False,   0.0000,   0.0000,   1.2059,False,   0.0000,   0.0000,0.00033382,      NaN,      NaN,      NaN,      NaN,      NaN,374305493.628,374310674.628,5181.0,2009-11-11T05:44:54,2009-11-11T07:11:15,55146.23951,50814.0,0.000e+00,0.000e+00,1.425e-06,   0.0000,   0.0000,0.00027051,2.989,77.4,358,0.000e+00,0.000e+00,7.179e-15,   0.0000,   0.0000,   1.2050,0.000e+00,0.000e+00,7.794e-05,   0.0000,   0.0000,   1.2164,   0.0000,   0.0000,0.00035740,     0.00,     0.00,     0.00,     0.00,     0.00,   0.0000,   0.0000,0.00031232,0.000e+00,0.000e+00,8.564e-15,0.000e+00,0.000e+00,4.808e-14,0.000e+00,0.000e+00,1.805e-15,0.000e+00,0.000e+00,8.113e-07,   0.0000,   0.0000,   1.1201,0.000e+00,0.000e+00,7.040e-07,   0.9994,  -0.3054,   1.0000,  -0.9994,  -1.0000,   0.0931,  -0.9994,  -1.0000,   0.0344,      NaN,      NaN,      NaN,      NaN,      NaN,      NaN,      NaN,      NaN,      NaN,      NaN,      NaN,      NaN,      NaN,      NaN,      NaN,      NaN,      NaN,      NaN,      NaN,      NaN,      NaN,      NaN,      NaN,      NaN,      NaN,      NaN,      NaN,      NaN,      NaN,      NaN,      NaN,      NaN,      NaN,      NaN,      NaN,      NaN,      NaN,      NaN,      NaN,      NaN,      NaN,      NaN,      NaN,      NaN,      NaN,      NaN,      NaN,      NaN,      NaN,      NaN,      NaN,      NaN,      NaN,      NaN,      NaN,      NaN,      NaN,      NaN,      NaN,      NaN,      NaN,      NaN,      NaN,      NaN,      NaN,      NaN,      NaN,      NaN,      NaN,      NaN,      NaN,      NaN,,      NaN,      NaN,      NaN,      NaN,      NaN,      NaN,      NaN,,      NaN,      NaN,      NaN,      NaN,      NaN,      NaN,      NaN,,      NaN,      NaN,      NaN,      NaN,      NaN,      NaN,      NaN,,      NaN,      NaN,      NaN,      NaN,      NaN,      NaN,      NaN,,      NaN,      NaN,      NaN,      NaN,      NaN,      NaN,      NaN,4140.8,         ACIS-3,u          ,          0,        112,          0,         33,          0,         21,          0,         48,          0,          2,1.8,21.75758,False,False,False,1.166e-15,3.023e-16,1.986e-15,,      NaN,      NaN,,      NaN,      NaN,,      NaN,      NaN,,      NaN,      NaN,,      NaN,      NaN,108,0,0,63,0,0
25,11.89161,ACIS,acisfJ0042432p411544_001, 2CXO J004259.3+411454,10.7474,41.24852,12160,1,   0.0000,   0.0000,0.00035774,   0.0000,   0.0000,   1.1824,0.000e+00,0.000e+00,1.582e-06,0.000e+00,0.000e+00,2.155e-15,False,   0.0000,   0.0000,   1.2658,False,   0.0000,   0.0000,0.00036305,      NaN,      NaN,      NaN,      NaN,      NaN,403875816.57,403880783.97,4967.4,2010-10-19T11:43:37,2010-10-19T13:06:24,55488.48862,50814.0,0.000e+00,0.000e+00,1.450e-06,   0.0000,   0.0000,0.00037614,3.303,40.34,358,0.000e+00,0.000e+00,7.645e-15,   0.0000,   0.0000,   1.2021,0.000e+00,0.000e+00,1.138e-04,   0.0000,   0.0000,   1.2754,   0.0000,   0.0000,0.00038803,     0.00,     0.00,     0.00,     0.00,     0.00,   0.0000,   0.0000,0.00034239,0.000e+00,0.000e+00,8.714e-15,0.000e+00,0.000e+00,6.380e-14,0.000e+00,0.000e+00,1.946e-15,0.000e+00,0.000e+00,8.710e-07,   0.0000,   0.0000,   1.2171,0.000e+00,0.000e+00,7.591e-07,   0.9994,  -0.2967,   1.0000,  -0.9994,  -1.0000,   0.0806,  -0.9994,  -1.0000,   0.0044,      NaN,      NaN,      NaN,      NaN,      NaN,      NaN,      NaN,      NaN,      NaN,      NaN,      NaN,      NaN,      NaN,      NaN,      NaN,      NaN,      NaN,      NaN,      NaN,      NaN,      NaN,      NaN,      NaN,      NaN,      NaN,      NaN,      NaN,      NaN,      NaN,      NaN,      NaN,      NaN,      NaN,      NaN,      NaN,      NaN,      NaN,      NaN,      NaN,      NaN,      NaN,      NaN,      NaN,      NaN,      NaN,      NaN,      NaN,      NaN,      NaN,      NaN,      NaN,      NaN,      NaN,      NaN,      NaN,      NaN,      NaN,      NaN,      NaN,      NaN,      NaN,      NaN,      NaN,      NaN,      NaN,      NaN,      NaN,      NaN,      NaN,      NaN,      NaN,      NaN,,      NaN,      NaN,      NaN,      NaN,      NaN,      NaN,      NaN,,      NaN,      NaN,      NaN,      NaN,      NaN,      NaN,      NaN,,      NaN,      NaN,      NaN,      NaN,      NaN,      NaN,      NaN,,      NaN,      NaN,      NaN,      NaN,      NaN,      NaN,      NaN,,      NaN,      NaN,      NaN,      NaN,      NaN,      NaN,      NaN,3971.3,         ACIS-3,u          ,          0,         89,          0,         36,          0,         20,          0,         44,          0,          2,1.8,21.75758,False,False,False,1.166e-15,3.023e-16,1.986e-15,,      NaN,      NaN,,      NaN,      NaN,,      NaN,      NaN,,      NaN,      NaN,,      NaN,      NaN,108,0,0,63,0,0
26,11.89161,ACIS,acisfJ0042432p411544_001, 2CXO J004259.3+411454,10.7474,41.24852,12161,0,   0.0000,   0.0000,0.00034572,   0.0000,   0.0000,   1.1821,0.000e+00,0.000e+00,1.606e-06,0.000e+00,0.000e+00,2.103e-15,False,   0.0000,   0.0000,   1.2050,False,   0.0000,   0.0000,0.00036241,      NaN,      NaN,      NaN,      NaN,      NaN,406301768.47,406306736.47,4968.0,2010-11-16T13:36:08,2010-11-16T14:58:56,55516.56676,50814.0,0.000e+00,0.000e+00,1.502e-06,   0.0000,   0.0000,0.00029918,2.938,84.35,358,0.000e+00,0.000e+00,7.536e-15,   0.0000,   0.0000,   1.1534,0.000e+00,0.000e+00,1.194e-04,   0.0000,   0.0000,   1.2180,   0.0000,   0.0000,0.00037233,     0.00,     0.00,     0.00,     0.00,     0.00,   0.0000,   0.0000,0.00035430,0.000e+00,0.000e+00,9.023e-15,0.000e+00,0.000e+00,7.195e-14,0.000e+00,0.000e+00,1.922e-15,0.000e+00,0.000e+00,1.045e-06,   0.0000,   0.0000,   1.1883,0.000e+00,0.000e+00,6.298e-07,   0.9994,  -0.1318,   1.0000,  -0.9994,  -1.0000,   0.1755,  -0.9994,  -1.0000,  -0.0656,      NaN,      NaN,      NaN,      NaN,      NaN,      NaN,      NaN,      NaN,      NaN,      NaN,      NaN,      NaN,      NaN,      NaN,      NaN,      NaN,      NaN,      NaN,      NaN,      NaN,      NaN,      NaN,      NaN,      NaN,      NaN,      NaN,      NaN,      NaN,      NaN,      NaN,      NaN,      NaN,      NaN,      NaN,      NaN,      NaN,      NaN,      NaN,      NaN,      NaN,      NaN,      NaN,      NaN,      NaN,      NaN,      NaN,      NaN,      NaN,      NaN,      NaN,      NaN,      NaN,      NaN,      NaN,      NaN,      NaN,      NaN,      NaN,      NaN,      NaN,      NaN,      NaN,      NaN,      NaN,      NaN,      NaN,      NaN,      NaN,      NaN,      NaN,      NaN,      NaN,,      NaN,      NaN,      NaN,      NaN,      NaN,      NaN,      NaN,,      NaN,      NaN,      NaN,      NaN,      NaN,      NaN,      NaN,,      NaN,      NaN,      NaN,      NaN,      NaN,      NaN,      NaN,,      NaN,      NaN,      NaN,      NaN,      NaN,      NaN,      NaN,,      NaN,      NaN,      NaN,      NaN,      NaN,      NaN,      NaN,3971.8,         ACIS-3,u          ,          0,        100,          0,         30,          0,         24,          0,         46,          0,          3,1.8,21.75758,False,False,False,1.166e-15,3.023e-16,1.986e-15,,      NaN,      NaN,,      NaN,      NaN,,      NaN,      NaN,,      NaN,      NaN,,      NaN,      NaN,108,0,0,63,0,0
27,11.89161,ACIS,acisfJ0042432p411544_001, 2CXO J004259.3+411454,10.7474,41.24852,12974,0,   0.0000,   0.0000,0.00035676,   0.0000,   0.0000,   1.1848,0.000e+00,0.000e+00,1.627e-06,0.000e+00,0.000e+00,2.216e-15,False,   0.0000,   0.0000,   1.2081,False,   0.0000,   0.0000,0.00036028,      NaN,      NaN,      NaN,      NaN,      NaN,433623607.017,433628578.018,4971.0,2011-09-28T19:00:07,2011-09-28T20:22:58,55832.79175,50814.0,0.000e+00,0.000e+00,1.455e-06,   0.0000,   0.0000,0.00029780,3.341,10.62,358,0.000e+00,0.000e+00,7.255e-15,   0.0000,   0.0000,   1.1999,0.000e+00,0.000e+00,1.161e-04,   0.0000,   0.0000,   1.2668,   0.0000,   0.0000,0.00037301,     0.00,     0.00,     0.00,     0.00,     0.00,   0.0000,   0.0000,0.00034278,0.000e+00,0.000e+00,8.744e-15,0.000e+00,0.000e+00,7.488e-14,0.000e+00,0.000e+00,1.939e-15,0.000e+00,0.000e+00,8.199e-07,   0.0000,   0.0000,   1.1837,0.000e+00,0.000e+00,7.564e-07,   0.9994,  -0.3292,   1.0000,  -0.9994,  -1.0000,   0.0344,  -0.9994,  -1.0000,  -0.0006,      NaN,      NaN,      NaN,      NaN,      NaN,      NaN,      NaN,      NaN,      NaN,      NaN,      NaN,      NaN,      NaN,      NaN,      NaN,      NaN,      NaN,      NaN,      NaN,      NaN,      NaN,      NaN,      NaN,      NaN,      NaN,      NaN,      NaN,      NaN,      NaN,      NaN,      NaN,      NaN,      NaN,      NaN,      NaN,      NaN,      NaN,      NaN,      NaN,      NaN,      NaN,      NaN,      NaN,      NaN,      NaN,      NaN,      NaN,      NaN,      NaN,      NaN,      NaN,      NaN,      NaN,      NaN,      NaN,      NaN,      NaN,      NaN,      NaN,      NaN,      NaN,      NaN,      NaN,      NaN,      NaN,      NaN,      NaN,      NaN,      NaN,      NaN,      NaN,      NaN,,      NaN,      NaN,      NaN,      NaN,      NaN,      NaN,      NaN,,      NaN,      NaN,      NaN,      NaN,      NaN,      NaN,      NaN,,      NaN,      NaN,      NaN,      NaN,      NaN,      NaN,      NaN,,      NaN,      NaN,      NaN,      NaN,      NaN,      NaN,      NaN,,      NaN,      NaN,      NaN,      NaN,      NaN,      NaN,      NaN,3974.8,         ACIS-3,u          ,          0,        104,          0,         33,          0,         23,          0,         43,          0,          2,1.8,21.75758,False,False,False,1.166e-15,3.023e-16,1.986e-15,,      NaN,      NaN,,      NaN,      NaN,,      NaN,      NaN,,      NaN,      NaN,,      NaN,      NaN,108,0,0,63,0,0
28,11.89161,ACIS,acisfJ0042432p411544_001, 2CXO J004259.3+411454,10.7474,41.24852,13833,0,   0.0000,   0.0000,0.00036026,   0.0000,   0.0000,   1.1229,0.000e+00,0.000e+00,1.610e-06,0.000e+00,0.000e+00,2.192e-15,False,   0.0000,   0.0000,   1.2093,False,   0.0000,   0.0000,0.00034761,      NaN,      NaN,      NaN,      NaN,      NaN,436425527.952,436430497.752,4969.8,2011-10-31T05:18:48,2011-10-31T06:41:38,55865.22139,50814.0,0.000e+00,0.000e+00,1.501e-06,   0.0000,   0.0000,0.00030050,3.067,61.87,358,0.000e+00,0.000e+00,7.490e-15,   0.0000,   0.0000,   1.2608,0.000e+00,0.000e+00,1.153e-04,   0.0000,   0.0000,   1.2651,   0.0000,   0.0000,0.00037516,     0.00,     0.00,     0.00,     0.00,     0.00,   0.0000,   0.0000,0.00032866,0.000e+00,0.000e+00,9.016e-15,0.000e+00,0.000e+00,7.488e-14,0.000e+00,0.000e+00,2.006e-15,0.000e+00,0.000e+00,8.464e-07,   0.0000,   0.0000,   1.1888,0.000e+00,0.000e+00,7.824e-07,   0.9994,  -0.3267,   1.0000,  -0.9994,  -1.0000,   0.0431,  -0.9994,  -1.0000,   0.0044,      NaN,      NaN,      NaN,      NaN,      NaN,      NaN,      NaN,      NaN,      NaN,      NaN,      NaN,      NaN,      NaN,      NaN,      NaN,      NaN,      NaN,      NaN,      NaN,      NaN,      NaN,      NaN,      NaN,      NaN,      NaN,      NaN,      NaN,      NaN,      NaN,      NaN,      NaN,      NaN,      NaN,      NaN,      NaN,      NaN,      NaN,      NaN,      NaN,      NaN,      NaN,      NaN,      NaN,      NaN,      NaN,      NaN,      NaN,      NaN,      NaN,      NaN,      NaN,      NaN,      NaN,      NaN,      NaN,      NaN,      NaN,      NaN,      NaN,      NaN,      NaN,      NaN,      NaN,      NaN,      NaN,      NaN,      NaN,      NaN,      NaN,      NaN,      NaN,      NaN,,      NaN,      NaN,      NaN,      NaN,      NaN,      NaN,      NaN,,      NaN,      NaN,      NaN,      NaN,      NaN,      NaN,      NaN,,      NaN,      NaN,      NaN,      NaN,      NaN,      NaN,      NaN,,      NaN,      NaN,      NaN,      NaN,      NaN,      NaN,      NaN,,      NaN,      NaN,      NaN,      NaN,      NaN,      NaN,      NaN,3956.0,         ACIS-3,u          ,          0,         98,          0,         36,          0,         18,          0,         39,          0,          1,1.8,21.75758,False,False,False,1.166e-15,3.023e-16,1.986e-15,,      NaN,      NaN,,      NaN,      NaN,,      NaN,      NaN,,      NaN,      NaN,,      NaN,      NaN,108,0,0,63,0,0
29,11.89161,ACIS,acisfJ0042432p411544_001, 2CXO J004259.3+411454,10.7474,41.24852,13834,1,   0.0000,   0.0000,0.00034956,   0.0000,   0.0000,   1.1260,0.000e+00,0.000e+00,3.250e-06,0.000e+00,0.000e+00,4.829e-15,False,   0.0000,   0.0000,   1.2072,False,   0.0000,   0.0000,0.00035356,      NaN,      NaN,      NaN,      NaN,      NaN,438545501.701,438550389.301,4887.6,2011-11-24T18:11:42,2011-11-24T19:33:09,55889.75812,50814.0,0.000e+00,0.000e+00,2.785e-06,   0.0000,   0.0000,0.00038302,2.855,94.04,358,0.000e+00,0.000e+00,1.754e-14,   0.0000,   0.0000,   1.2020,0.000e+00,0.000e+00,2.956e-04,   0.0000,   0.0000,   1.2710,   0.0000,   0.0000,0.00037917,     0.00,     0.00,     0.00,     0.00,     0.00,   0.0000,   0.0000,0.00028816,0.000e+00,0.000e+00,2.077e-14,0.000e+00,0.000e+00,1.733e-13,0.000e+00,0.000e+00,4.660e-15,0.000e+00,0.000e+00,2.433e-06,   0.0000,   0.0000,   1.2195,0.000e+00,0.000e+00,1.818e-06,   0.9994,  -0.2117,   1.0000,  -0.9994,  -1.0000,   0.2442,  -0.9994,  -1.0000,   0.0881,      NaN,      NaN,      NaN,      NaN,      NaN,      NaN,      NaN,      NaN,      NaN,      NaN,      NaN,      NaN,      NaN,      NaN,      NaN,      NaN,      NaN,      NaN,      NaN,      NaN,      NaN,      NaN,      NaN,      NaN,      NaN,      NaN,      NaN,      NaN,      NaN,      NaN,      NaN,      NaN,      NaN,      NaN,      NaN,      NaN,      NaN,      NaN,      NaN,      NaN,      NaN,      NaN,      NaN,      NaN,      NaN,      NaN,      NaN,      NaN,      NaN,      NaN,      NaN,      NaN,      NaN,      NaN,      NaN,      NaN,      NaN,      NaN,      NaN,      NaN,      NaN,      NaN,      NaN,      NaN,      NaN,      NaN,      NaN,      NaN,      NaN,      NaN,      NaN,      NaN,,      NaN,      NaN,      NaN,      NaN,      NaN,      NaN,      NaN,,      NaN,      NaN,      NaN,      NaN,      NaN,      NaN,      NaN,,      NaN,      NaN,      NaN,      NaN,      NaN,      NaN,      NaN,,      NaN,      NaN,      NaN,      NaN,      NaN,      NaN,      NaN,,      NaN,      NaN,      NaN,      NaN,      NaN,      NaN,      NaN,3907.5,         ACIS-2,u          ,          0,         88,          0,         34,          0,         20,          0,         38,          0,          1,1.8,21.75758,False,False,False,1.166e-15,3.023e-16,1.986e-15,,      NaN,      NaN,,      NaN,      NaN,,      NaN,      NaN,,      NaN,      NaN,,      NaN,      NaN,108,0,0,63,0,0
30,11.89161,ACIS,acisfJ0042432p411544_001, 2CXO J004259.3+411454,10.7474,41.24852,14195,0,      NaN,      NaN,      NaN,   0.0000,   0.0000,   1.2405,0.000e+00,0.000e+00,2.064e-07,0.000e+00,0.000e+00,5.272e-16,False,   0.0000,   0.0000,   2.1261,False,   0.0000,   0.0000,6.4618e-05,      NaN,      NaN,      NaN,      NaN,      NaN,461345624.97,461380510.771,34885.801,2012-08-14T15:33:45,2012-08-15T01:15:11,56153.64844,50814.0,0.000e+00,0.000e+00,2.797e-07,   0.0000,   0.0000,7.6714e-05,3.224,333.92,358,3.515e-15,0.000e+00,7.226e-15,   0.0000,   0.0000,   1.2606,      NaN,      NaN,      NaN,   0.0000,   0.0000,   2.1451,   0.0000,   0.0000,7.6244e-05,     0.00,     0.00,      NaN,     0.00,      NaN,      NaN,      NaN,      NaN,3.274e-15,2.976e-16,6.101e-15,      NaN,      NaN,      NaN,      NaN,      NaN,      NaN,0.000e+00,0.000e+00,2.432e-07,   0.0000,   0.0000,   2.5818,      NaN,      NaN,      NaN,      NaN,      NaN,      NaN,   0.2236,  -0.2904,   0.9688,      NaN,      NaN,      NaN,      NaN,      NaN,      NaN,      NaN,      NaN,      NaN,      NaN,      NaN,      NaN,      NaN,      NaN,      NaN,      NaN,      NaN,      NaN,      NaN,      NaN,      NaN,      NaN,      NaN,      NaN,      NaN,      NaN,      NaN,      NaN,      NaN,      NaN,      NaN,      NaN,      NaN,      NaN,      NaN,      NaN,      NaN,      NaN,      NaN,      NaN,      NaN,      NaN,      NaN,      NaN,      NaN,      NaN,      NaN,      NaN,      NaN,      NaN,      NaN,      NaN,      NaN,      NaN,      NaN,      NaN,      NaN,      NaN,      NaN,      NaN,      NaN,      NaN,      NaN,      NaN,      NaN,      NaN,      NaN,      NaN,      NaN,      NaN,      NaN,      NaN,      NaN,      NaN,      NaN,,      NaN,      NaN,      NaN,      NaN,      NaN,      NaN,      NaN,,      NaN,      NaN,      NaN,      NaN,      NaN,      NaN,      NaN,,      NaN,      NaN,      NaN,      NaN,      NaN,      NaN,      NaN,,      NaN,      NaN,      NaN,      NaN,      NaN,      NaN,      NaN,,      NaN,      NaN,      NaN,      NaN,      NaN,      NaN,      NaN,27885.0,         ACIS-7,u          ,          2,       1070,          1,        291,          0,        205,          1,        592,          0,        190,1.8,21.75758,False,False,False,1.166e-15,3.023e-16,1.986e-15,,      NaN,      NaN,,      NaN,      NaN,,      NaN,      NaN,,      NaN,      NaN,,      NaN,      NaN,108,0,0,63,0,0
31,11.89161,ACIS,acisfJ0042432p411544_001, 2CXO J004259.3+411454,10.7474,41.24852,14197,0,   0.0000,   0.0000,5.4386e-05,   0.0000,   0.0000,   1.2405,0.000e+00,0.000e+00,1.845e-07,0.000e+00,0.000e+00,2.378e-16,False,   0.0000,   0.0000,   2.2524,False,   0.0000,   0.0000,6.2155e-05,      NaN,      NaN,      NaN,      NaN,      NaN,431296518.845,431343381.247,46862.402,2011-09-01T20:35:19,2011-09-02T09:36:21,55805.85786,50814.0,1.490e-07,0.000e+00,2.980e-07,5.3846e-05,2.4475e-06,0.00010524,3.202,344.83,358,3.406e-15,0.000e+00,7.613e-15,   0.0000,   0.0000,   2.5074,      NaN,      NaN,      NaN,   0.0000,   0.0000,   2.3283,   0.0000,   0.0000,5.3447e-05,     1.00,     0.00,     0.00,     0.00,      NaN,      NaN,      NaN,      NaN,3.147e-15,1.085e-15,5.208e-15,      NaN,      NaN,      NaN,0.000e+00,0.000e+00,1.836e-16,0.000e+00,0.000e+00,1.501e-07,   2.0165, 0.091658,   3.9413,0.000e+00,0.000e+00,1.184e-07,   0.6408,  -0.2242,   1.0000,  -0.3885,  -1.0000,   0.2530,  -0.9582,  -1.0000,   0.1268,      NaN,      NaN,      NaN,      NaN,      NaN,      NaN,      NaN,      NaN,      NaN,      NaN,      NaN,      NaN,      NaN,      NaN,      NaN,      NaN,      NaN,      NaN,      NaN,      NaN,      NaN,      NaN,      NaN,      NaN,      NaN,      NaN,      NaN,      NaN,      NaN,      NaN,      NaN,      NaN,      NaN,      NaN,      NaN,      NaN,      NaN,      NaN,      NaN,      NaN,      NaN,      NaN,      NaN,      NaN,      NaN,      NaN,      NaN,      NaN,      NaN,      NaN,      NaN,      NaN,      NaN,      NaN,      NaN,      NaN,      NaN,      NaN,      NaN,      NaN,      NaN,      NaN,      NaN,      NaN,      NaN,      NaN,      NaN,      NaN,      NaN,      NaN,      NaN,      NaN,,      NaN,      NaN,      NaN,      NaN,      NaN,      NaN,      NaN,,      NaN,      NaN,      NaN,      NaN,      NaN,      NaN,      NaN,,      NaN,      NaN,      NaN,      NaN,      NaN,      NaN,      NaN,,      NaN,      NaN,      NaN,      NaN,      NaN,      NaN,      NaN,,      NaN,      NaN,      NaN,      NaN,      NaN,      NaN,      NaN,37459.6,         ACIS-7,u          ,          4,       1629,          1,        433,          1,        267,          2,        969,          0,        344,1.8,21.75758,False,False,False,1.166e-15,3.023e-16,1.986e-15,,      NaN,      NaN,,      NaN,      NaN,,      NaN,      NaN,,      NaN,      NaN,,      NaN,      NaN,108,0,0,63,0,0
32,11.89161,ACIS,acisfJ0042432p411544_001, 2CXO J004259.3+411454,10.7474,41.24852,14198,0,   0.0000,   0.0000,5.1307e-05,   0.0000,   0.0000,   1.2526,      NaN,      NaN,      NaN,      NaN,      NaN,      NaN,False,   2.7833,  0.48405,   4.9615,False,      NaN,      NaN,      NaN,      NaN,      NaN,      NaN,      NaN,      NaN,431739258.394,431789136.996,49878.602,2011-09-06T23:34:18,2011-09-07T13:25:37,55810.98216,50814.0,1.427e-07,0.000e+00,2.853e-07,4.7507e-05,   0.0000,9.7389e-05,3.194,348.75,358,3.221e-15,9.202e-16,5.521e-15,   0.0000,   0.0000,   2.0456,      NaN,      NaN,      NaN,   0.0000,   0.0000,   1.2648,6.9810e-05,1.2141e-05,0.00012444,     1.00,     1.24,     0.00,      NaN,      NaN,      NaN,      NaN,      NaN,3.031e-15,1.045e-15,5.016e-15,      NaN,      NaN,      NaN,0.000e+00,0.000e+00,2.684e-16,1.842e-07,3.203e-08,3.283e-07,   1.8941,   0.0000,   3.8828,0.000e+00,0.000e+00,1.034e-07,   0.9994,   0.3354,   1.0000,      NaN,      NaN,      NaN,      NaN,      NaN,      NaN,      NaN,      NaN,      NaN,      NaN,      NaN,      NaN,      NaN,      NaN,      NaN,      NaN,      NaN,      NaN,      NaN,      NaN,      NaN,      NaN,      NaN,      NaN,      NaN,      NaN,      NaN,      NaN,      NaN,      NaN,      NaN,      NaN,      NaN,      NaN,      NaN,      NaN,      NaN,      NaN,      NaN,      NaN,      NaN,      NaN,      NaN,      NaN,      NaN,      NaN,      NaN,      NaN,      NaN,      NaN,      NaN,      NaN,      NaN,      NaN,      NaN,      NaN,      NaN,      NaN,      NaN,      NaN,      NaN,      NaN,      NaN,      NaN,      NaN,      NaN,      NaN,      NaN,      NaN,      NaN,      NaN,      NaN,      NaN,      NaN,      NaN,      NaN,      NaN,      NaN,,      NaN,      NaN,      NaN,      NaN,      NaN,      NaN,      NaN,,      NaN,      NaN,      NaN,      NaN,      NaN,      NaN,      NaN,,      NaN,      NaN,      NaN,      NaN,      NaN,      NaN,      NaN,,      NaN,      NaN,      NaN,      NaN,      NaN,      NaN,      NaN,,      NaN,      NaN,      NaN,      NaN,      NaN,      NaN,      NaN,39869.4,         ACIS-7,u          ,          4,       1801,          3,        490,          1,        296,          0,       1070,          0,        438,1.8,21.75758,False,False,False,1.166e-15,3.023e-16,1.986e-15,,      NaN,      NaN,,      NaN,      NaN,,      NaN,      NaN,,      NaN,      NaN,,      NaN,      NaN,108,0,0,63,0,0
33,11.89161,ACIS,acisfJ0042432p411544_001, 2CXO J004259.3+411454,10.7474,41.24852,15267,0,   0.0000,   0.0000,0.00011186,   0.0000,   0.0000,   1.2323,      NaN,      NaN,      NaN,      NaN,      NaN,      NaN,False,   0.0000,   0.0000,   1.2725,False,      NaN,      NaN,      NaN,      NaN,      NaN,      NaN,      NaN,      NaN,461549801.793,461563686.994,13885.201,2012-08-17T00:16:42,2012-08-17T04:08:07,56156.01159,50814.0,      NaN,      NaN,      NaN,      NaN,      NaN,      NaN,3.223,333.93,358,      NaN,      NaN,      NaN,   0.0000,   0.0000,   1.2414,      NaN,      NaN,      NaN,   0.0000,   0.0000,   1.2526,      NaN,      NaN,      NaN,      NaN,      NaN,     0.00,      NaN,      NaN,      NaN,      NaN,      NaN,      NaN,      NaN,      NaN,      NaN,      NaN,      NaN,0.000e+00,0.000e+00,6.558e-16,      NaN,      NaN,      NaN,   0.0000,   0.0000,   1.2648,0.000e+00,0.000e+00,2.025e-07,      NaN,      NaN,      NaN,      NaN,      NaN,      NaN,      NaN,      NaN,      NaN,      NaN,      NaN,      NaN,      NaN,      NaN,      NaN,      NaN,      NaN,      NaN,      NaN,      NaN,      NaN,      NaN,      NaN,      NaN,      NaN,      NaN,      NaN,      NaN,      NaN,      NaN,      NaN,      NaN,      NaN,      NaN,      NaN,      NaN,      NaN,      NaN,      NaN,      NaN,      NaN,      NaN,      NaN,      NaN,      NaN,      NaN,      NaN,      NaN,      NaN,      NaN,      NaN,      NaN,      NaN,      NaN,      NaN,      NaN,      NaN,      NaN,      NaN,      NaN,      NaN,      NaN,      NaN,      NaN,      NaN,      NaN,      NaN,      NaN,      NaN,      NaN,      NaN,      NaN,      NaN,      NaN,      NaN,      NaN,      NaN,      NaN,      NaN,      NaN,      NaN,,      NaN,      NaN,      NaN,      NaN,      NaN,      NaN,      NaN,,      NaN,      NaN,      NaN,      NaN,      NaN,      NaN,      NaN,,      NaN,      NaN,      NaN,      NaN,      NaN,      NaN,      NaN,,      NaN,      NaN,      NaN,      NaN,      NaN,      NaN,      NaN,,      NaN,      NaN,      NaN,      NaN,      NaN,      NaN,      NaN,11097.8,         ACIS-7,u          ,          0,        424,          0,        114,          0,         74,          0,        257,          0,         83,1.8,21.75758,False,False,False,1.166e-15,3.023e-16,1.986e-15,,      NaN,      NaN,,      NaN,      NaN,,      NaN,      NaN,,      NaN,      NaN,,      NaN,      NaN,108,0,0,63,0,0
